3.9,3.9,4.7,7.2,12.7,23.3,41.6,23.3,12.7,7.2,4.7,3.9,3.9
3.9,3.9,4.6,7.0,12.6,24.7,52.8,24.7,12.6,7.0,4.6,3.9,3.9
3.9,3.9,4.4,6.3,10.6,17.8,26.3,17.8,10.6,6.3,4.4,3.9,3.9
4.0,3.9,4.1,5.2,7.6,10.5,12.3,10.5,7.6,5.2,4.1,3.9,4.0
4.1,4.0,3.9,4.3,5.2,6.2,6.7,6.2,5.2,4.3,3.9,4.0,4.1
4.1,4.0,3.9,3.9,4.1,4.4,4.5,4.4,4.1,3.9,3.9,4.0,4.1
4.1,4.1,4.0,4.0,3.9,3.9,3.9,3.9,3.9,4.0,4.0,4.1,4.1
4.1,4.1,4.1,4.1,4.0,4.0,4.0,4.0,4.0,4.1,4.1,4.1,4.1
4.1,4.1,4.1,4.1,4.1,4.1,4.1,4.1,4.1,4.1,4.1,4.1,4.1
4.1,4.1,4.1,4.1,4.1,4.1,4.1,4.1,4.1,4.1,4.1,4.1,4.1
4.1,4.1,4.1,4.1,4.1,4.1,4.1,4.1,4.1,4.1,4.1,4.1,4.1
4.1,4.1,4.1,4.1,4.1,4.1,4.1,4.1,4.1,4.1,4.1,4.1,4.1
4.1,4.1,4.1,4.1,4.1,4.1,4.1,4.1,4.1,4.1,4.1,4.1,4.1
4.1,4.1,4.1,4.1,4.1,4.1,4.1,4.1,4.1,4.1,4.1,4.1,4.1
4.1,4.1,4.1,4.1,4.1,4.1,4.1,4.1,4.1,4.1,4.1,4.1,4.1
4.1,4.1,4.1,4.1,4.1,4.1,4.1,4.1,4.1,4.1,4.1,4.1,4.1