#top
8,8,8,8,8,8,8,8,8
8,8,8,8,8,8,8,8,8
8,8,8,8,8,8,8,8,8
8,8,8,8,8,8,8,8,8
8,8,8,8,8,8,8,8,8
8,8,8,8,8,8,8,8,8
8,8,8,8,8,8,8,8,8
8,8,8,8,8,8,8,8,8
8,8,8,8,8,8,8,8,8

#right
8,8,8,8,8,8,8,8,8
8,8,8,8,8,8,8,8,8
8,8,8,8,8,8,8,8,8
8,8,8,8,8,8,8,8,8
8,8,8,8,8,8,8,8,8
8,8,8,8,8,8,8,8,8
8,8,8,8,8,8,8,8,8
8,8,8,8,8,8,8,8,8
8,8,8,8,8,8,8,8,8

#bottom
8,8,8,8,8,8,8,8,8
8,8,8,8,8,8,8,8,8
8,8,8,8,8,8,8,8,8
8,8,8,8,8,8,8,8,8
8,8,8,8,8,8,8,8,8
8,8,8,8,8,8,8,8,8
8,8,8,8,8,8,8,8,8
8,8,8,8,8,8,8,8,8
8,8,8,8,8,8,8,8,8

#left
8,8,8,8,8,8,8,8,8
8,8,8,8,8,8,8,8,8
8,8,8,8,8,8,8,8,8
8,8,8,8,8,8,8,8,8
8,8,8,8,8,8,8,8,8
8,8,8,8,8,8,8,8,8
8,8,8,8,8,8,8,8,8
8,8,8,8,8,8,8,8,8
8,8,8,8,8,8,8,8,8